user_id,gender
0,1
1,0
2,0
3,0
4,0
5,1
6,0
7,0
8,0
9,1
10,1
11,0
12,0
13,0
14,0
15,1
16,0
17,1
18,0
19,0
20,0
21,0
22,0
23,1
24,0
25,0
26,0
27,1
28,0
29,1
30,0
31,1
32,0
33,1
34,0
35,0
36,1
37,1
38,0
39,0
40,1
41,0
42,0
43,0
44,1
45,0
46,0
47,0
48,0
49,1
50,1
51,0
52,0
53,0
54,1
55,0
56,0
57,0
58,1
59,0
60,0
61,1
62,0
63,0
64,0
65,0
66,1
67,0
68,1
69,0
70,0
71,1
72,0
73,0
74,1
75,0
76,0
77,1
78,1
79,0
80,1
81,0
82,1
83,0
84,0
85,1
86,0
87,1
88,1
89,0
90,0
91,1
92,0
93,0
94,0
95,1
96,1
97,1
98,1
99,0
100,1
101,0
102,0
103,0
104,0
105,1
106,0
107,0
108,0
109,0
110,0
111,0
112,0
113,1
114,0
115,0
116,0
117,0
118,1
119,0
120,0
121,1
122,0
123,0
124,0
125,0
126,1
127,0
128,0
129,0
130,0
131,0
132,1
133,0
134,0
135,0
136,1
137,0
138,1
139,1
140,0
141,0
142,0
143,0
144,0
145,1
146,0
147,0
148,0
149,0
150,1
151,0
152,0
153,0
154,0
155,1
156,0
157,0
158,1
159,0
160,0
161,1
162,0
163,1
164,0
165,0
166,1
167,1
168,0
169,0
170,1
171,0
172,0
173,0
174,1
175,1
176,0
177,0
178,0
179,0
180,0
181,0
182,1
183,1
184,0
185,0
186,1
187,0
188,0
189,0
190,0
191,0
192,1
193,1
194,0
195,1
196,0
197,0
198,0
199,1
200,1
201,0
202,1
203,0
204,0
205,0
206,0
207,0
208,0
209,1
210,0
211,0
212,1
213,0
214,0
215,0
216,0
217,0
218,1
219,0
220,1
221,0
222,0
223,1
224,0
225,0
226,0
227,0
228,0
229,0
230,0
231,0
232,1
233,0
234,0
235,0
236,0
237,1
238,0
239,0
240,0
241,1
242,0
243,0
244,0
245,1
246,0
247,0
248,1
249,0
250,0
251,0
252,1
253,0
254,0
255,0
256,0
257,0
258,0
259,0
260,0
261,1
262,1
263,0
264,1
265,0
266,0
267,1
268,0
269,0
270,0
271,0
272,0
273,0
274,0
275,0
276,1
277,0
278,0
279,0
280,1
281,0
282,0
283,0
284,1
285,0
286,0
287,1
288,1
289,1
290,0
291,0
292,0
293,1
294,0
295,0
296,0
297,1
298,0
299,0
300,0
301,0
302,0
303,0
304,1
305,0
306,0
307,0
308,0
309,1
310,0
311,1
312,1
313,1
314,1
315,0
316,0
317,1
318,1
319,0
320,0
321,0
322,0
323,0
324,1
325,0
326,0
327,0
328,0
329,0
330,0
331,0
332,0
333,1
334,0
335,0
336,0
337,0
338,0
339,1
340,1
341,0
342,1
343,0
344,0
345,1
346,1
347,0
348,0
349,0
350,0
351,0
352,1
353,0
354,0
355,0
356,0
357,1
358,0
359,0
360,1
361,0
362,0
363,1
364,1
365,0
366,0
367,0
368,0
369,0
370,0
371,1
372,1
373,1
374,0
375,0
376,0
377,1
378,1
379,0
380,0
381,1
382,1
383,0
384,0
385,0
386,1
387,1
388,0
389,0
390,0
391,0
392,0
393,0
394,0
395,0
396,0
397,0
398,1
399,1
400,0
401,0
402,0
403,0
404,0
405,0
406,0
407,0
408,0
409,1
410,1
411,0
412,0
413,0
414,1
415,0
416,1
417,1
418,0
419,0
420,1
421,0
422,0
423,0
424,0
425,0
426,0
427,1
428,0
429,1
430,0
431,0
432,0
433,1
434,0
435,0
436,0
437,0
438,0
439,0
440,0
441,0
442,0
443,0
444,0
445,1
446,1
447,0
448,0
449,0
450,0
451,0
452,0
453,0
454,1
455,0
456,0
457,0
458,1
459,0
460,0
461,0
462,0
463,1
464,0
465,0
466,1
467,1
468,0
469,1
470,0
471,0
472,1
473,0
474,1
475,0
476,0
477,0
478,0
479,1
480,0
481,0
482,0
483,1
484,0
485,0
486,1
487,0
488,0
489,0
490,0
491,0
492,0
493,1
494,0
495,0
496,1
497,0
498,1
499,1
500,0
501,0
502,0
503,0
504,0
505,0
506,1
507,0
508,0
509,0
510,1
511,0
512,0
513,0
514,0
515,1
516,1
517,1
518,1
519,1
520,0
521,0
522,0
523,0
524,0
525,0
526,1
527,1
528,0
529,0
530,1
531,0
532,0
533,0
534,0
535,0
536,0
537,0
538,0
539,0
540,1
541,0
542,0
543,0
544,0
545,1
546,0
547,1
548,0
549,0
550,0
551,0
552,0
553,0
554,0
555,1
556,0
557,0
558,1
559,0
560,1
561,0
562,0
563,0
564,0
565,0
566,0
567,1
568,1
569,0
570,0
571,0
572,1
573,0
574,0
575,1
576,0
577,0
578,0
579,0
580,0
581,0
582,1
583,1
584,0
585,0
586,0
587,1
588,0
589,1
590,0
591,0
592,1
593,1
594,0
595,1
596,0
597,0
598,0
599,0
600,1
601,1
602,1
603,0
604,1
605,1
606,0
607,0
608,0
609,0
610,0
611,0
612,0
613,0
614,0
615,0
616,1
617,0
618,1
619,0
620,0
621,0
622,0
623,0
624,1
625,0
626,0
627,1
628,1
629,1
630,0
631,0
632,0
633,1
634,0
635,0
636,0
637,0
638,0
639,0
640,1
641,1
642,0
643,0
644,0
645,0
646,0
647,1
648,0
649,0
650,0
651,0
652,0
653,0
654,1
655,1
656,1
657,1
658,1
659,0
660,0
661,0
662,1
663,0
664,0
665,1
666,0
667,1
668,0
669,0
670,0
671,0
672,0
673,0
674,0
675,0
676,0
677,0
678,0
679,0
680,0
681,0
682,0
683,0
684,0
685,0
686,1
687,0
688,1
689,0
690,0
691,1
692,0
693,0
694,1
695,0
696,1
697,0
698,0
699,0
700,1
701,0
702,1
703,1
704,0
705,0
706,0
707,0
708,0
709,0
710,0
711,0
712,0
713,0
714,0
715,0
716,0
717,0
718,0
719,0
720,1
721,0
722,0
723,0
724,0
725,1
726,0
727,0
728,0
729,0
730,0
731,0
732,0
733,0
734,0
735,0
736,0
737,0
738,0
739,0
740,0
741,0
742,1
743,0
744,0
745,1
746,0
747,0
748,0
749,1
750,1
751,1
752,0
753,0
754,1
755,0
756,0
757,0
758,1
759,0
760,0
761,0
762,0
763,0
764,0
765,1
766,0
767,0
768,0
769,0
770,1
771,0
772,0
773,0
774,0
775,1
776,0
777,0
778,0
779,0
780,0
781,0
782,0
783,0
784,0
785,0
786,0
787,0
788,0
789,0
790,0
791,0
792,1
793,0
794,1
795,0
796,1
797,1
798,1
799,1
800,1
801,0
802,0
803,0
804,0
805,0
806,0
807,0
808,0
809,0
810,0
811,0
812,0
813,1
814,0
815,0
816,0
817,0
818,0
819,0
820,0
821,1
822,0
823,0
824,0
825,1
826,0
827,0
828,0
829,0
830,1
831,0
832,0
833,1
834,0
835,0
836,0
837,0
838,0
839,1
840,1
841,1
842,0
843,0
844,1
845,0
846,1
847,0
848,0
849,0
850,0
851,0
852,0
853,1
854,1
855,1
856,0
857,0
858,0
859,0
860,0
861,0
862,0
863,1
864,0
865,0
866,0
867,0
868,0
869,1
870,0
871,0
872,0
873,0
874,0
875,0
876,0
877,0
878,0
879,0
880,0
881,0
882,1
883,0
884,0
885,1
886,1
887,1
888,0
889,0
890,0
891,0
892,1
893,0
894,0
895,0
896,0
897,0
898,1
899,1
900,1
901,0
902,0
903,0
904,1
905,0
906,1
907,1
908,0
909,1
910,0
911,1
912,0
913,1
914,0
915,1
916,0
917,1
918,1
919,0
920,0
921,0
922,0
923,0
924,1
925,0
926,1
927,1
928,0
929,0
930,1
931,1
932,0
933,1
934,0
935,0
936,0
937,1
938,1
939,0
940,0
941,1
942,1
943,0
944,0
945,0
946,0
947,0
948,0
949,0
950,0
951,0
952,0
953,1
954,1
955,0
956,0
957,0
958,0
959,0
960,0
961,1
962,0
963,0
964,0
965,0
966,1
967,0
968,1
969,0
970,0
971,0
972,1
973,0
974,0
975,0
976,0
977,0
978,0
979,0
980,0
981,1
982,1
983,0
984,0
985,1
986,1
987,0
988,0
989,0
990,1
991,1
992,0
993,0
994,1
995,0
996,0
997,0
998,0
999,1
1000,0
1001,0
1002,0
1003,0
1004,0
1005,0
1006,0
1007,0
1008,0
1009,0
1010,0
1011,1
1012,0
1013,1
1014,0
1015,0
1016,0
1017,0
1018,0
1019,0
1020,0
1021,0
1022,0
1023,1
1024,0
1025,1
1026,0
1027,1
1028,0
1029,0
1030,0
1031,0
1032,0
1033,1
1034,0
1035,0
1036,0
1037,1
1038,1
1039,0
1040,0
1041,0
1042,1
1043,0
1044,1
1045,0
1046,0
1047,0
1048,0
1049,0
1050,1
1051,1
1052,0
1053,0
1054,0
1055,0
1056,0
1057,0
1058,1
1059,0
1060,0
1061,0
1062,0
1063,0
1064,1
1065,0
1066,0
1067,1
1068,0
1069,1
1070,0
1071,1
1072,1
1073,0
1074,1
1075,1
1076,0
1077,1
1078,0
1079,0
1080,0
1081,0
1082,0
1083,0
1084,0
1085,0
1086,0
1087,1
1088,0
1089,0
1090,0
1091,1
1092,0
1093,1
1094,1
1095,0
1096,0
1097,0
1098,0
1099,0
1100,0
1101,0
1102,1
1103,0
1104,0
1105,0
1106,1
1107,0
1108,0
1109,1
1110,1
1111,0
1112,0
1113,1
1114,1
1115,0
1116,0
1117,0
1118,0
1119,0
1120,0
1121,0
1122,0
1123,0
1124,1
1125,0
1126,0
1127,0
1128,0
1129,0
1130,0
1131,0
1132,0
1133,0
1134,0
1135,1
1136,0
1137,0
1138,0
1139,1
1140,1
1141,0
1142,0
1143,0
1144,0
1145,1
1146,0
1147,0
1148,0
1149,1
1150,0
1151,0
1152,0
1153,1
1154,0
1155,1
1156,0
1157,1
1158,0
1159,0
1160,0
1161,1
1162,0
1163,1
1164,0
1165,0
1166,1
1167,1
1168,0
1169,0
1170,0
1171,1
1172,1
1173,1
1174,1
1175,0
1176,1
1177,0
1178,0
1179,1
1180,0
1181,0
1182,0
1183,1
1184,1
1185,0
1186,1
1187,0
1188,0
1189,0
1190,1
1191,0
1192,0
1193,1
1194,1
1195,1
1196,0
1197,0
1198,0
1199,0
1200,0
1201,0
1202,1
1203,0
1204,1
1205,1
1206,0
1207,0
1208,0
1209,0
1210,0
1211,1
1212,0
1213,0
1214,0
1215,0
1216,0
1217,0
1218,0
1219,0
1220,0
1221,0
1222,0
1223,0
1224,0
1225,0
1226,0
1227,0
1228,1
1229,0
1230,0
1231,1
1232,1
1233,0
1234,1
1235,1
1236,0
1237,1
1238,1
1239,1
1240,0
1241,1
1242,0
1243,0
1244,0
1245,0
1246,0
1247,1
1248,0
1249,0
1250,0
1251,0
1252,1
1253,1
1254,0
1255,0
1256,1
1257,0
1258,0
1259,0
1260,0
1261,0
1262,0
1263,0
1264,1
1265,0
1266,0
1267,0
1268,1
1269,0
1270,1
1271,0
1272,0
1273,0
1274,0
1275,0
1276,1
1277,0
1278,0
1279,0
1280,0
1281,0
1282,1
1283,0
1284,0
1285,0
1286,1
1287,1
1288,0
1289,0
1290,1
1291,0
1292,0
1293,1
1294,1
1295,0
1296,0
1297,0
1298,0
1299,0
1300,1
1301,0
1302,0
1303,0
1304,0
1305,0
1306,0
1307,0
1308,0
1309,0
1310,0
1311,0
1312,0
1313,1
1314,0
1315,0
1316,0
1317,0
1318,1
1319,0
1320,1
1321,0
1322,1
1323,0
1324,0
1325,1
1326,0
1327,0
1328,0
1329,0
1330,0
1331,0
1332,0
1333,0
1334,0
1335,1
1336,0
1337,0
1338,0
1339,0
1340,0
1341,0
1342,0
1343,1
1344,1
1345,0
1346,1
1347,1
1348,0
1349,1
1350,1
1351,0
1352,0
1353,1
1354,1
1355,1
1356,0
1357,0
1358,0
1359,0
1360,1
1361,0
1362,0
1363,1
1364,1
1365,0
1366,0
1367,1
1368,0
1369,0
1370,1
1371,0
1372,1
1373,0
1374,1
1375,1
1376,0
1377,1
1378,1
1379,0
1380,0
1381,1
1382,1
1383,0
1384,1
1385,1
1386,1
1387,0
1388,0
1389,0
1390,0
1391,0
1392,0
1393,1
1394,0
1395,1
1396,0
1397,1
1398,0
1399,0
1400,1
1401,0
1402,1
1403,0
1404,0
1405,0
1406,1
1407,0
1408,0
1409,0
1410,0
1411,0
1412,0
1413,0
1414,0
1415,0
1416,0
1417,0
1418,1
1419,0
1420,1
1421,0
1422,0
1423,0
1424,0
1425,0
1426,0
1427,1
1428,1
1429,0
1430,0
1431,0
1432,1
1433,1
1434,0
1435,1
1436,0
1437,0
1438,0
1439,0
1440,0
1441,0
1442,0
1443,1
1444,0
1445,0
1446,0
1447,1
1448,0
1449,0
1450,0
1451,1
1452,0
1453,0
1454,1
1455,0
1456,0
1457,0
1458,1
1459,1
1460,1
1461,0
1462,0
1463,0
1464,0
1465,0
1466,0
1467,0
1468,0
1469,0
1470,0
1471,0
1472,0
1473,0
1474,1
1475,1
1476,1
1477,0
1478,1
1479,0
1480,0
1481,0
1482,0
1483,0
1484,1
1485,0
1486,0
1487,0
1488,1
1489,0
1490,0
1491,0
1492,1
1493,0
1494,0
1495,0
1496,0
1497,0
1498,0
1499,0
1500,0
1501,0
1502,0
1503,0
1504,0
1505,0
1506,0
1507,1
1508,0
1509,1
1510,0
1511,0
1512,1
1513,0
1514,0
1515,1
1516,0
1517,0
1518,0
1519,0
1520,1
1521,0
1522,0
1523,0
1524,1
1525,0
1526,0
1527,0
1528,0
1529,0
1530,0
1531,0
1532,0
1533,0
1534,1
1535,1
1536,0
1537,0
1538,0
1539,0
1540,0
1541,0
1542,0
1543,0
1544,0
1545,0
1546,0
1547,0
1548,0
1549,0
1550,0
1551,0
1552,1
1553,1
1554,1
1555,0
1556,1
1557,0
1558,0
1559,1
1560,1
1561,0
1562,1
1563,0
1564,0
1565,0
1566,0
1567,1
1568,1
1569,0
1570,0
1571,1
1572,0
1573,0
1574,1
1575,1
1576,0
1577,0
1578,0
1579,1
1580,1
1581,0
1582,0
1583,0
1584,0
1585,0
1586,1
1587,0
1588,0
1589,0
1590,0
1591,0
1592,0
1593,1
1594,0
1595,1
1596,0
1597,0
1598,0
1599,0
1600,0
1601,1
1602,1
1603,0
1604,1
1605,1
1606,0
1607,0
1608,1
1609,0
1610,0
1611,0
1612,0
1613,0
1614,1
1615,0
1616,0
1617,0
1618,0
1619,0
1620,0
1621,0
1622,0
1623,0
1624,0
1625,0
1626,0
1627,0
1628,0
1629,0
1630,1
1631,0
1632,1
1633,1
1634,0
1635,1
1636,0
1637,1
1638,0
1639,0
1640,0
1641,0
1642,0
1643,0
1644,1
1645,0
1646,0
1647,0
1648,0
1649,0
1650,0
1651,0
1652,0
1653,1
1654,0
1655,0
1656,1
1657,1
1658,1
1659,1
1660,0
1661,0
1662,0
1663,1
1664,0
1665,0
1666,0
1667,0
1668,1
1669,1
1670,0
1671,0
1672,0
1673,0
1674,1
1675,0
1676,0
1677,1
1678,0
1679,0
1680,0
1681,0
1682,1
1683,0
1684,0
1685,0
1686,0
1687,1
1688,0
1689,0
1690,1
1691,0
1692,0
1693,0
1694,0
1695,0
1696,1
1697,0
1698,1
1699,0
1700,1
1701,0
1702,0
1703,0
1704,1
1705,0
1706,0
1707,0
1708,0
1709,0
1710,1
1711,0
1712,0
1713,0
1714,0
1715,0
1716,1
1717,0
1718,0
1719,0
1720,0
1721,0
1722,0
1723,0
1724,0
1725,0
1726,0
1727,0
1728,0
1729,1
1730,1
1731,0
1732,0
1733,0
1734,0
1735,0
1736,0
1737,0
1738,0
1739,0
1740,0
1741,0
1742,0
1743,0
1744,0
1745,0
1746,0
1747,0
1748,0
1749,0
1750,0
1751,0
1752,0
1753,0
1754,1
1755,1
1756,0
1757,1
1758,0
1759,1
1760,0
1761,0
1762,0
1763,0
1764,0
1765,1
1766,0
1767,0
1768,0
1769,0
1770,0
1771,0
1772,0
1773,0
1774,0
1775,0
1776,0
1777,0
1778,0
1779,0
1780,1
1781,0
1782,0
1783,0
1784,0
1785,0
1786,0
1787,0
1788,0
1789,0
1790,0
1791,1
1792,0
1793,0
1794,0
1795,0
1796,0
1797,0
1798,0
1799,0
1800,1
1801,0
1802,0
1803,0
1804,0
1805,0
1806,0
1807,1
1808,1
1809,0
1810,0
1811,1
1812,1
1813,0
1814,0
1815,1
1816,0
1817,0
1818,1
1819,0
1820,0
1821,1
1822,1
1823,1
1824,0
1825,0
1826,1
1827,0
1828,0
1829,0
1830,0
1831,1
1832,0
1833,0
1834,0
1835,0
1836,0
1837,0
1838,0
1839,0
1840,0
1841,0
1842,0
1843,1
1844,0
1845,0
1846,0
1847,0
1848,0
1849,0
1850,0
1851,0
1852,0
1853,0
1854,0
1855,0
1856,0
1857,1
1858,1
1859,0
1860,0
1861,0
1862,0
1863,0
1864,1
1865,0
1866,0
1867,0
1868,0
1869,0
1870,1
1871,0
1872,0
1873,0
1874,0
1875,0
1876,1
1877,0
1878,0
1879,0
1880,0
1881,0
1882,1
1883,0
1884,0
1885,0
1886,0
1887,0
1888,0
1889,0
1890,0
1891,0
1892,1
1893,1
1894,0
1895,0
1896,1
1897,0
1898,1
1899,0
1900,0
1901,0
1902,0
1903,0
1904,1
1905,1
1906,0
1907,0
1908,0
1909,0
1910,1
1911,0
1912,0
1913,1
1914,0
1915,0
1916,0
1917,1
1918,0
1919,1
1920,0
1921,1
1922,0
1923,1
1924,0
1925,1
1926,0
1927,0
1928,1
1929,0
1930,0
1931,0
1932,0
1933,0
1934,0
1935,0
1936,0
1937,1
1938,1
1939,0
1940,0
1941,0
1942,0
1943,1
1944,0
1945,0
1946,0
1947,0
1948,0
1949,0
1950,1
1951,0
1952,1
1953,0
1954,0
1955,0
1956,1
1957,1
1958,1
1959,0
1960,1
1961,1
1962,1
1963,1
1964,0
1965,0
1966,0
1967,0
1968,1
1969,0
1970,1
1971,0
1972,0
1973,0
1974,0
1975,0
1976,0
1977,0
1978,0
1979,0
1980,0
1981,0
1982,0
1983,0
1984,0
1985,0
1986,0
1987,1
1988,0
1989,0
1990,0
1991,0
1992,0
1993,0
1994,0
1995,0
1996,0
1997,1
1998,1
1999,0
2000,0
2001,1
2002,0
2003,0
2004,0
2005,0
2006,0
2007,0
2008,1
2009,0
2010,1
2011,0
2012,0
2013,0
2014,0
2015,1
2016,0
2017,0
2018,0
2019,0
2020,0
2021,0
2022,0
2023,0
2024,0
2025,0
2026,1
2027,0
2028,1
2029,0
2030,0
2031,0
2032,1
2033,1
2034,1
2035,1
2036,0
2037,1
2038,0
2039,1
2040,1
2041,0
2042,0
2043,1
2044,1
2045,0
2046,0
2047,0
2048,1
2049,1
2050,0
2051,0
2052,0
2053,0
2054,0
2055,0
2056,0
2057,1
2058,0
2059,0
2060,0
2061,0
2062,0
2063,0
2064,0
2065,1
2066,0
2067,1
2068,0
2069,1
2070,0
2071,1
2072,1
2073,0
2074,1
2075,0
2076,0
2077,0
2078,0
2079,0
2080,0
2081,0
2082,0
2083,0
2084,0
2085,0
2086,0
2087,0
2088,0
2089,0
2090,1
2091,0
2092,0
2093,0
2094,0
2095,1
2096,0
2097,0
2098,1
2099,1
2100,0
2101,0
2102,0
2103,0
2104,0
2105,1
2106,0
2107,0
2108,0
2109,0
2110,0
2111,1
2112,0
2113,0
2114,0
2115,0
2116,0
2117,0
2118,0
2119,0
2120,0
2121,0
2122,1
2123,0
2124,0
2125,0
2126,0
2127,1
2128,0
2129,0
2130,0
2131,0
2132,1
2133,0
2134,0
2135,0
2136,1
2137,1
2138,1
2139,0
2140,1
2141,1
2142,0
2143,0
2144,0
2145,0
2146,1
2147,1
2148,0
2149,1
2150,0
2151,0
2152,0
2153,0
2154,1
2155,0
2156,1
2157,0
2158,1
2159,1
2160,1
2161,1
2162,0
2163,0
2164,0
2165,0
2166,1
2167,0
2168,0
2169,1
2170,0
2171,0
2172,0
2173,0
2174,0
2175,0
2176,1
2177,0
2178,1
2179,0
2180,0
2181,1
2182,1
2183,0
2184,0
2185,0
2186,0
2187,1
2188,0
2189,1
2190,0
2191,1
2192,0
2193,0
2194,0
2195,0
2196,1
2197,1
2198,0
2199,0
2200,0
2201,1
2202,0
2203,0
2204,1
2205,0
2206,0
2207,0
2208,0
2209,0
2210,0
2211,0
2212,1
2213,1
2214,1
2215,1
2216,0
2217,0
2218,0
2219,1
2220,0
2221,1
2222,0
2223,0
2224,0
2225,1
2226,0
2227,0
2228,0
2229,1
2230,0
2231,0
2232,1
2233,0
2234,0
2235,0
2236,1
2237,1
2238,0
2239,0
2240,0
2241,0
2242,0
2243,0
2244,0
2245,0
2246,0
2247,1
2248,0
2249,0
2250,0
2251,1
2252,1
2253,0
2254,1
2255,1
2256,1
2257,1
2258,1
2259,1
2260,0
2261,0
2262,0
2263,1
2264,0
2265,1
2266,1
2267,1
2268,1
2269,0
2270,0
2271,0
2272,0
2273,0
2274,0
2275,0
2276,1
2277,0
2278,0
2279,0
2280,0
2281,0
2282,0
2283,0
2284,1
2285,0
2286,0
2287,0
2288,1
2289,0
2290,0
2291,0
2292,1
2293,0
2294,0
2295,1
2296,0
2297,0
2298,1
2299,0
2300,1
2301,0
2302,0
2303,0
2304,0
2305,1
2306,0
2307,1
2308,1
2309,0
2310,1
2311,0
2312,1
2313,1
2314,0
2315,0
2316,1
2317,0
2318,0
2319,1
2320,0
2321,1
2322,0
2323,0
2324,1
2325,0
2326,0
2327,0
2328,1
2329,0
2330,0
2331,0
2332,0
2333,1
2334,0
2335,0
2336,0
2337,0
2338,1
2339,0
2340,0
2341,0
2342,1
2343,0
2344,0
2345,1
2346,0
2347,0
2348,0
2349,0
2350,1
2351,0
2352,1
2353,0
2354,1
2355,1
2356,1
2357,1
2358,0
2359,0
2360,0
2361,0
2362,0
2363,1
2364,0
2365,1
2366,1
2367,1
2368,0
2369,0
2370,1
2371,1
2372,0
2373,0
2374,1
2375,0
2376,0
2377,0
2378,0
2379,0
2380,1
2381,0
2382,1
2383,0
2384,1
2385,1
2386,0
2387,0
2388,0
2389,1
2390,0
2391,1
2392,0
2393,0
2394,0
2395,1
2396,1
2397,0
2398,0
2399,1
2400,0
2401,0
2402,0
2403,0
2404,0
2405,1
2406,0
2407,1
2408,1
2409,0
2410,1
2411,0
2412,1
2413,0
2414,0
2415,0
2416,0
2417,1
2418,0
2419,0
2420,0
2421,1
2422,1
2423,0
2424,1
2425,0
2426,1
2427,0
2428,0
2429,0
2430,1
2431,0
2432,0
2433,0
2434,0
2435,0
2436,0
2437,0
2438,0
2439,0
2440,1
2441,0
2442,1
2443,1
2444,0
2445,0
2446,0
2447,0
2448,0
2449,0
2450,0
2451,0
2452,0
2453,0
2454,0
2455,0
2456,0
2457,0
2458,0
2459,1
2460,0
2461,0
2462,0
2463,1
2464,0
2465,0
2466,0
2467,0
2468,0
2469,0
2470,0
2471,0
2472,0
2473,0
2474,1
2475,0
2476,0
2477,0
2478,1
2479,0
2480,0
2481,1
2482,0
2483,0
2484,0
2485,0
2486,0
2487,1
2488,1
2489,0
2490,0
2491,0
2492,0
2493,0
2494,1
2495,0
2496,1
2497,0
2498,0
2499,0
2500,0
2501,0
2502,0
2503,0
2504,0
2505,1
2506,0
2507,1
2508,0
2509,0
2510,0
2511,1
2512,0
2513,0
2514,0
2515,1
2516,1
2517,0
2518,1
2519,1
2520,0
2521,0
2522,0
2523,1
2524,1
2525,0
2526,0
2527,0
2528,1
2529,0
2530,1
2531,1
2532,1
2533,1
2534,1
2535,0
2536,0
2537,0
2538,0
2539,1
2540,1
2541,0
2542,1
2543,0
2544,0
2545,1
2546,1
2547,1
2548,0
2549,0
2550,0
2551,1
2552,0
2553,0
2554,0
2555,0
2556,1
2557,0
2558,0
2559,1
2560,0
2561,0
2562,0
2563,1
2564,0
2565,0
2566,0
2567,0
2568,0
2569,0
2570,0
2571,0
2572,0
2573,0
2574,0
2575,0
2576,0
2577,0
2578,0
2579,1
2580,0
2581,1
2582,0
2583,1
2584,0
2585,0
2586,0
2587,1
2588,0
2589,0
2590,0
2591,0
2592,0
2593,0
2594,0
2595,0
2596,1
2597,0
2598,0
2599,0
2600,0
2601,0
2602,0
2603,0
2604,0
2605,0
2606,0
2607,1
2608,1
2609,0
2610,0
2611,0
2612,0
2613,0
2614,0
2615,0
2616,1
2617,1
2618,0
2619,0
2620,0
2621,1
2622,0
2623,1
2624,0
2625,0
2626,0
2627,1
2628,0
2629,1
2630,1
2631,0
2632,1
2633,0
2634,0
2635,0
2636,1
2637,0
2638,0
2639,0
2640,0
2641,0
2642,0
2643,0
2644,0
2645,0
2646,1
2647,0
2648,0
2649,0
2650,0
2651,0
2652,0
2653,1
2654,0
2655,0
2656,0
2657,0
2658,0
2659,0
2660,0
2661,0
2662,1
2663,0
2664,0
2665,0
2666,1
2667,0
2668,0
2669,0
2670,0
2671,0
2672,0
2673,0
2674,0
2675,0
2676,0
2677,0
2678,1
2679,0
2680,1
2681,0
2682,0
2683,0
2684,0
2685,0
2686,0
2687,0
2688,0
2689,0
2690,0
2691,1
2692,0
2693,0
2694,0
2695,0
2696,1
2697,1
2698,1
2699,0
2700,0
2701,0
2702,0
2703,0
2704,0
2705,1
2706,0
2707,0
2708,1
2709,0
2710,0
2711,0
2712,0
2713,0
2714,1
2715,0
2716,0
2717,1
2718,0
2719,0
2720,0
2721,0
2722,1
2723,1
2724,0
2725,0
2726,0
2727,0
2728,0
2729,0
2730,0
2731,0
2732,0
2733,1
2734,0
2735,0
2736,0
2737,1
2738,1
2739,0
2740,0
2741,0
2742,0
2743,0
2744,1
2745,0
2746,1
2747,0
2748,0
2749,1
2750,1
2751,0
2752,1
2753,0
2754,0
2755,0
2756,0
2757,0
2758,0
2759,0
2760,0
2761,0
2762,1
2763,0
2764,0
2765,0
2766,0
2767,0
2768,0
2769,0
2770,0
2771,0
2772,0
2773,0
2774,0
2775,0
2776,0
2777,0
2778,0
2779,0
2780,0
2781,0
2782,0
2783,0
2784,0
2785,0
2786,0
2787,0
2788,0
2789,0
2790,0
2791,0
2792,0
2793,0
2794,0
2795,0
2796,1
2797,0
2798,0
2799,1
2800,1
2801,0
2802,0
2803,1
2804,0
2805,0
2806,1
2807,0
2808,0
2809,1
2810,0
2811,0
2812,0
2813,0
2814,0
2815,0
2816,0
2817,0
2818,0
2819,1
2820,0
2821,0
2822,0
2823,0
2824,0
2825,0
2826,0
2827,0
2828,0
2829,0
2830,0
2831,0
2832,0
2833,0
2834,0
2835,0
2836,0
2837,0
2838,0
2839,0
2840,0
2841,0
2842,0
2843,0
2844,0
2845,1
2846,0
2847,0
2848,0
2849,0
2850,1
2851,0
2852,0
2853,1
2854,0
2855,0
2856,0
2857,1
2858,0
2859,0
2860,0
2861,0
2862,0
2863,0
2864,0
2865,0
2866,0
2867,0
2868,0
2869,0
2870,0
2871,0
2872,1
2873,1
2874,0
2875,0
2876,0
2877,1
2878,0
2879,0
2880,1
2881,0
2882,0
2883,1
2884,1
2885,0
2886,0
2887,0
2888,0
2889,0
2890,1
2891,0
2892,0
2893,0
2894,0
2895,0
2896,0
2897,0
2898,0
2899,0
2900,0
2901,0
2902,0
2903,0
2904,0
2905,0
2906,1
2907,0
2908,0
2909,0
2910,1
2911,0
2912,0
2913,0
2914,0
2915,0
2916,0
2917,0
2918,0
2919,0
2920,0
2921,0
2922,0
2923,1
2924,1
2925,1
2926,0
2927,0
2928,0
2929,0
2930,0
2931,0
2932,0
2933,1
2934,0
2935,0
2936,1
2937,1
2938,0
2939,0
2940,0
2941,1
2942,0
2943,1
2944,1
2945,0
2946,1
2947,0
2948,0
2949,0
2950,1
2951,0
2952,0
2953,0
2954,0
2955,0
2956,0
2957,0
2958,0
2959,0
2960,0
2961,0
2962,1
2963,0
2964,1
2965,0
2966,0
2967,1
2968,0
2969,0
2970,0
2971,0
2972,0
2973,0
2974,0
2975,0
2976,1
2977,0
2978,0
2979,0
2980,0
2981,0
2982,0
2983,0
2984,0
2985,0
2986,1
2987,1
2988,1
2989,1
2990,1
2991,0
2992,0
2993,1
2994,1
2995,1
2996,1
2997,1
2998,0
2999,1
3000,0
3001,1
3002,0
3003,1
3004,1
3005,0
3006,1
3007,1
3008,1
3009,0
3010,0
3011,0
3012,0
3013,1
3014,0
3015,0
3016,1
3017,0
3018,0
3019,1
3020,1
3021,0
3022,0
3023,0
3024,1
3025,1
3026,1
3027,0
3028,0
3029,1
3030,0
3031,1
3032,0
3033,1
3034,1
3035,0
3036,0
3037,1
3038,1
3039,1
3040,0
3041,0
3042,1
3043,1
3044,0
3045,1
3046,1
3047,1
3048,1
3049,0
3050,0
3051,1
3052,1
3053,0
3054,1
3055,0
3056,0
3057,0
3058,1
3059,1
3060,1
3061,0
3062,0
3063,0
3064,1
3065,0
3066,1
3067,1
3068,0
3069,1
3070,1
3071,0
3072,0
3073,0
3074,1
3075,0
3076,1
3077,1
3078,0
3079,0
3080,0
3081,1
3082,1
3083,0
3084,0
3085,1
3086,1
3087,1
3088,0
3089,0
3090,1
3091,0
3092,1
3093,0
3094,1
3095,1
3096,0
3097,1
3098,1
3099,1
3100,0
3101,0
3102,0
3103,0
3104,0
3105,0
3106,1
3107,0
3108,1
3109,0
3110,0
3111,1
3112,0
3113,0
3114,1
3115,0
3116,0
3117,0
3118,0
3119,0
3120,1
3121,0
3122,1
3123,1
3124,0
3125,0
3126,1
3127,0
3128,0
3129,1
3130,0
3131,0
3132,0
3133,0
3134,0
3135,1
3136,0
3137,1
3138,1
3139,1
3140,0
3141,0
3142,0
3143,0
3144,0
3145,1
3146,0
3147,0
3148,0
3149,1
3150,1
3151,0
3152,0
3153,1
3154,0
3155,0
3156,0
3157,0
3158,1
3159,0
3160,1
3161,1
3162,0
3163,0
3164,0
3165,0
3166,0
3167,0
3168,0
3169,0
3170,0
3171,0
3172,0
3173,1
3174,0
3175,1
3176,1
3177,1
3178,1
3179,0
3180,0
3181,0
3182,0
3183,1
3184,0
3185,0
3186,1
3187,1
3188,0
3189,0
3190,1
3191,1
3192,0
3193,1
3194,0
3195,1
3196,1
3197,0
3198,0
3199,1
3200,0
3201,0
3202,0
3203,0
3204,1
3205,0
3206,1
3207,0
3208,0
3209,1
3210,0
3211,0
3212,1
3213,1
3214,1
3215,0
3216,1
3217,0
3218,1
3219,0
3220,0
3221,1
3222,1
3223,1
3224,0
3225,0
3226,1
3227,0
3228,1
3229,1
3230,0
3231,0
3232,0
3233,1
3234,0
3235,0
3236,1
3237,1
3238,1
3239,0
3240,1
3241,1
3242,1
3243,1
3244,0
3245,1
3246,1
3247,0
3248,1
3249,0
3250,0
3251,0
3252,1
3253,1
3254,1
3255,1
3256,0
3257,1
3258,1
3259,0
3260,0
3261,1
3262,0
3263,1
3264,1
3265,0
3266,1
3267,0
3268,1
3269,1
3270,1
3271,0
3272,1
3273,0
3274,0
3275,1
3276,0
3277,0
3278,1
3279,0
3280,0
3281,1
3282,0
3283,0
3284,1
3285,1
3286,1
3287,1
3288,0
3289,0
3290,0
3291,0
3292,0
3293,0
3294,0
3295,0
3296,0
3297,0
3298,0
3299,0
3300,0
3301,0
3302,1
3303,0
3304,1
3305,0
3306,0
3307,1
3308,1
3309,1
3310,0
3311,1
3312,0
3313,1
3314,0
3315,1
3316,1
3317,0
3318,1
3319,1
3320,0
3321,1
3322,0
3323,0
3324,1
3325,0
3326,0
3327,1
3328,0
3329,1
3330,0
3331,1
3332,0
3333,0
3334,0
3335,0
3336,1
3337,1
3338,1
3339,0
3340,0
3341,0
3342,0
3343,0
3344,0
3345,0
3346,0
3347,1
3348,1
3349,1
3350,0
3351,0
3352,0
3353,1
3354,0
3355,0
3356,1
3357,1
3358,0
3359,1
3360,0
3361,1
3362,1
3363,1
3364,1
3365,0
3366,1
3367,0
3368,0
3369,0
3370,1
3371,1
3372,0
3373,0
3374,0
3375,0
3376,1
3377,0
3378,1
3379,1
3380,1
3381,1
3382,0
3383,0
3384,0
3385,0
3386,0
3387,1
3388,0
3389,0
3390,0
3391,0
3392,0
3393,0
3394,1
3395,0
3396,1
3397,0
3398,0
3399,0
3400,0
3401,1
3402,0
3403,1
3404,1
3405,1
3406,0
3407,0
3408,0
3409,0
3410,0
3411,0
3412,1
3413,1
3414,1
3415,1
3416,1
3417,0
3418,1
3419,1
3420,0
3421,0
3422,1
3423,1
3424,0
3425,0
3426,0
3427,1
3428,1
3429,0
3430,1
3431,0
3432,1
3433,0
3434,1
3435,0
3436,0
3437,0
3438,1
3439,0
3440,1
3441,1
3442,1
3443,0
3444,1
3445,0
3446,0
3447,1
3448,0
3449,0
3450,0
3451,0
3452,0
3453,1
3454,1
3455,0
3456,0
3457,1
3458,1
3459,0
3460,0
3461,1
3462,1
3463,0
3464,0
3465,0
3466,0
3467,0
3468,0
3469,1
3470,0
3471,0
3472,1
3473,0
3474,0
3475,0
3476,1
3477,1
3478,0
3479,0
3480,0
3481,1
3482,1
3483,0
3484,0
3485,1
3486,0
3487,1
3488,0
3489,1
3490,0
3491,1
3492,0
3493,0
3494,0
3495,0
3496,1
3497,0
3498,0
3499,0
3500,1
3501,1
3502,0
3503,1
3504,0
3505,0
3506,0
3507,0
3508,1
3509,1
3510,1
3511,0
3512,0
3513,0
3514,1
3515,0
3516,0
3517,1
3518,1
3519,0
3520,1
3521,0
3522,0
3523,1
3524,1
3525,1
3526,0
3527,0
3528,0
3529,0
3530,1
3531,0
3532,0
3533,1
3534,1
3535,1
3536,0
3537,1
3538,1
3539,0
3540,0
3541,1
3542,0
3543,1
3544,1
3545,1
3546,1
3547,0
3548,1
3549,0
3550,0
3551,0
3552,0
3553,0
3554,0
3555,1
3556,1
3557,0
3558,0
3559,1
3560,0
3561,1
3562,0
3563,0
3564,0
3565,1
3566,0
3567,0
3568,1
3569,1
3570,0
3571,0
3572,0
3573,1
3574,1
3575,0
3576,1
3577,0
3578,0
3579,0
3580,0
3581,1
3582,1
3583,0
3584,0
3585,1
3586,0
3587,0
3588,0
3589,0
3590,0
3591,1
3592,1
3593,1
3594,1
3595,1
3596,1
3597,0
3598,0
3599,0
3600,1
3601,1
3602,1
3603,1
3604,0
3605,1
3606,0
3607,1
3608,1
3609,0
3610,1
3611,0
3612,0
3613,0
3614,0
3615,1
3616,0
3617,0
3618,0
3619,0
3620,0
3621,1
3622,0
3623,0
3624,0
3625,0
3626,0
3627,1
3628,1
3629,0
3630,0
3631,0
3632,0
3633,0
3634,1
3635,0
3636,1
3637,0
3638,0
3639,1
3640,0
3641,1
3642,0
3643,1
3644,1
3645,0
3646,0
3647,0
3648,1
3649,0
3650,0
3651,0
3652,0
3653,0
3654,1
3655,1
3656,0
3657,1
3658,0
3659,0
3660,0
3661,0
3662,1
3663,0
3664,1
3665,1
3666,1
3667,1
3668,0
3669,0
3670,0
3671,0
3672,1
3673,0
3674,0
3675,1
3676,1
3677,0
3678,0
3679,1
3680,0
3681,1
3682,0
3683,0
3684,0
3685,0
3686,1
3687,0
3688,0
3689,0
3690,0
3691,1
3692,0
3693,0
3694,1
3695,0
3696,0
3697,0
3698,1
3699,0
3700,1
3701,1
3702,0
3703,0
3704,1
3705,0
3706,1
3707,0
3708,1
3709,0
3710,1
3711,0
3712,1
3713,0
3714,0
3715,0
3716,0
3717,1
3718,0
3719,0
3720,0
3721,0
3722,0
3723,0
3724,1
3725,0
3726,0
3727,1
3728,0
3729,0
3730,0
3731,0
3732,0
3733,0
3734,1
3735,0
3736,0
3737,0
3738,1
3739,0
3740,0
3741,0
3742,1
3743,1
3744,1
3745,0
3746,1
3747,1
3748,0
3749,1
3750,0
3751,1
3752,1
3753,0
3754,1
3755,0
3756,1
3757,1
3758,1
3759,0
3760,0
3761,1
3762,0
3763,1
3764,0
3765,1
3766,1
3767,0
3768,0
3769,1
3770,0
3771,0
3772,0
3773,0
3774,0
3775,1
3776,0
3777,0
3778,1
3779,0
3780,1
3781,0
3782,1
3783,1
3784,1
3785,1
3786,1
3787,1
3788,0
3789,1
3790,0
3791,0
3792,0
3793,1
3794,1
3795,1
3796,0
3797,0
3798,1
3799,0
3800,0
3801,1
3802,1
3803,0
3804,1
3805,0
3806,0
3807,0
3808,0
3809,0
3810,1
3811,0
3812,0
3813,0
3814,0
3815,1
3816,0
3817,0
3818,0
3819,0
3820,0
3821,0
3822,1
3823,1
3824,0
3825,1
3826,0
3827,0
3828,1
3829,0
3830,1
3831,1
3832,0
3833,1
3834,0
3835,0
3836,0
3837,1
3838,0
3839,1
3840,0
3841,0
3842,1
3843,1
3844,1
3845,0
3846,0
3847,0
3848,0
3849,1
3850,0
3851,0
3852,0
3853,1
3854,0
3855,1
3856,0
3857,1
3858,0
3859,1
3860,1
3861,1
3862,0
3863,0
3864,1
3865,0
3866,1
3867,0
3868,1
3869,0
3870,0
3871,0
3872,0
3873,0
3874,0
3875,0
3876,1
3877,0
3878,0
3879,0
3880,0
3881,1
3882,1
3883,0
3884,1
3885,0
3886,0
3887,1
3888,0
3889,0
3890,0
3891,0
3892,1
3893,1
3894,1
3895,0
3896,1
3897,0
3898,1
3899,1
3900,0
3901,1
3902,0
3903,0
3904,0
3905,0
3906,1
3907,1
3908,0
3909,0
3910,1
3911,0
3912,0
3913,0
3914,1
3915,0
3916,0
3917,1
3918,1
3919,1
3920,0
3921,0
3922,1
3923,0
3924,1
3925,1
3926,1
3927,0
3928,0
3929,1
3930,0
3931,0
3932,1
3933,0
3934,1
3935,0
3936,1
3937,0
3938,0
3939,0
3940,1
3941,0
3942,1
3943,0
3944,0
3945,0
3946,1
3947,1
3948,0
3949,0
3950,1
3951,1
3952,1
3953,0
3954,0
3955,0
3956,0
3957,0
3958,1
3959,1
3960,1
3961,1
3962,1
3963,0
3964,0
3965,0
3966,0
3967,0
3968,1
3969,0
3970,1
3971,0
3972,1
3973,0
3974,0
3975,1
3976,0
3977,0
3978,1
3979,0
3980,1
3981,0
3982,0
3983,0
3984,0
3985,0
3986,1
3987,1
3988,0
3989,0
3990,1
3991,1
3992,0
3993,1
3994,1
3995,1
3996,1
3997,1
3998,0
3999,0
4000,1
4001,1
4002,0
4003,0
4004,0
4005,0
4006,0
4007,0
4008,0
4009,1
4010,0
4011,0
4012,0
4013,0
4014,1
4015,1
4016,1
4017,0
4018,1
4019,1
4020,0
4021,1
4022,1
4023,0
4024,1
4025,1
4026,0
4027,0
4028,1
4029,1
4030,1
4031,0
4032,0
4033,1
4034,0
4035,0
4036,0
4037,1
4038,0
4039,0
4040,0
4041,1
4042,1
4043,1
4044,1
4045,0
4046,0
4047,1
4048,0
4049,0
4050,0
4051,0
4052,0
4053,0
4054,0
4055,0
4056,0
4057,0
4058,0
4059,1
4060,0
4061,0
4062,1
4063,0
4064,0
4065,0
4066,1
4067,0
4068,1
4069,0
4070,1
4071,0
4072,0
4073,0
4074,0
4075,1
4076,1
4077,0
4078,0
4079,1
4080,0
4081,1
4082,0
4083,1
4084,1
4085,1
4086,0
4087,0
4088,1
4089,0
4090,1
4091,1
4092,0
4093,1
4094,1
4095,1
4096,1
4097,0
4098,0
4099,0
4100,0
4101,0
4102,1
4103,0
4104,1
4105,0
4106,1
4107,1
4108,0
4109,1
4110,0
4111,0
4112,0
4113,0
4114,1
4115,0
4116,0
4117,0
4118,0
4119,0
4120,0
4121,0
4122,1
4123,0
4124,0
4125,0
4126,0
4127,0
4128,1
4129,0
4130,1
4131,0
4132,0
4133,0
4134,0
4135,0
4136,0
4137,0
4138,0
4139,0
4140,0
4141,0
4142,0
4143,0
4144,1
4145,0
4146,1
4147,1
4148,0
4149,0
4150,1
4151,0
4152,1
4153,0
4154,0
4155,0
4156,0
4157,0
4158,1
4159,1
4160,1
4161,0
4162,1
4163,0
4164,1
4165,1
4166,0
4167,1
4168,1
4169,1
4170,0
4171,0
4172,1
4173,0
4174,1
4175,0
4176,0
4177,1
4178,1
4179,0
4180,1
4181,0
4182,0
4183,0
4184,0
4185,1
4186,0
4187,1
4188,1
4189,0
4190,1
4191,0
4192,0
4193,0
4194,1
4195,1
4196,1
4197,1
4198,0
4199,0
4200,1
4201,0
4202,1
4203,0
4204,0
4205,1
4206,1
4207,1
4208,1
4209,0
4210,0
4211,0
4212,0
4213,1
4214,0
4215,0
4216,0
4217,1
4218,1
4219,1
4220,1
4221,1
4222,1
4223,0
4224,0
4225,1
4226,0
4227,0
4228,1
4229,1
4230,1
4231,1
4232,1
4233,0
4234,0
4235,1
4236,0
4237,1
4238,0
4239,0
4240,1
4241,1
4242,0
4243,1
4244,0
4245,0
4246,0
4247,0
4248,0
4249,1
4250,0
4251,0
4252,0
4253,1
4254,1
4255,1
4256,0
4257,0
4258,0
4259,0
4260,0
4261,1
4262,0
4263,1
4264,1
4265,0
4266,0
4267,1
4268,0
4269,0
4270,1
4271,0
4272,0
4273,0
4274,0
4275,0
4276,1
4277,1
4278,0
4279,0
4280,1
4281,0
4282,1
4283,1
4284,1
4285,0
4286,0
4287,1
4288,0
4289,0
4290,0
4291,1
4292,1
4293,1
4294,0
4295,1
4296,0
4297,0
4298,1
4299,1
4300,0
4301,0
4302,0
4303,0
4304,1
4305,1
4306,1
4307,0
4308,0
4309,0
4310,0
4311,0
4312,1
4313,0
4314,0
4315,1
4316,0
4317,0
4318,0
4319,0
4320,0
4321,1
4322,0
4323,0
4324,0
4325,1
4326,0
4327,0
4328,1
4329,1
4330,0
4331,0
4332,1
4333,0
4334,0
4335,0
4336,0
4337,1
4338,0
4339,1
4340,1
4341,1
4342,0
4343,0
4344,1
4345,0
4346,0
4347,0
4348,1
4349,0
4350,0
4351,0
4352,1
4353,0
4354,0
4355,0
4356,0
4357,1
4358,0
4359,1
4360,0
4361,0
4362,0
4363,0
4364,1
4365,1
4366,0
4367,0
4368,0
4369,0
4370,1
4371,1
4372,0
4373,1
4374,1
4375,1
4376,0
4377,0
4378,1
4379,1
4380,0
4381,0
4382,1
4383,0
4384,1
4385,0
4386,1
4387,0
4388,1
4389,0
4390,1
4391,1
4392,1
4393,0
4394,1
4395,0
4396,0
4397,1
4398,0
4399,1
4400,0
4401,1
4402,1
4403,0
4404,0
4405,0
4406,1
4407,1
4408,0
4409,0
4410,1
4411,1
4412,1
4413,0
4414,0
4415,0
4416,0
4417,0
4418,0
4419,0
4420,0
4421,0
4422,0
4423,1
4424,0
4425,0
4426,1
4427,1
4428,0
4429,0
4430,1
4431,1
4432,0
4433,1
4434,0
4435,0
4436,1
4437,0
4438,0
4439,1
4440,1
4441,1
4442,0
4443,0
4444,0
4445,1
4446,1
4447,0
4448,0
4449,0
4450,0
4451,1
4452,0
4453,1
4454,1
4455,1
4456,1
4457,0
4458,0
4459,0
4460,1
4461,0
4462,1
4463,1
4464,0
4465,1
4466,1
4467,0
4468,0
4469,0
4470,0
4471,1
4472,0
4473,0
4474,0
4475,0
4476,1
4477,1
4478,0
4479,0
4480,0
4481,1
4482,0
4483,1
4484,0
4485,0
4486,0
4487,0
4488,0
4489,0
4490,0
4491,0
4492,1
4493,0
4494,0
4495,0
4496,0
4497,0
4498,1
4499,1
4500,0
4501,0
4502,1
4503,0
4504,1
4505,1
4506,0
4507,0
4508,1
4509,0
4510,0
4511,0
4512,0
4513,0
4514,1
4515,0
4516,1
4517,0
4518,1
4519,0
4520,0
4521,1
4522,1
4523,0
4524,1
4525,0
4526,0
4527,1
4528,0
4529,0
4530,0
4531,1
4532,0
4533,0
4534,0
4535,0
4536,1
4537,0
4538,1
4539,0
4540,0
4541,1
4542,0
4543,1
4544,0
4545,0
4546,0
4547,0
4548,1
4549,0
4550,0
4551,1
4552,1
4553,0
4554,1
4555,0
4556,1
4557,1
4558,1
4559,0
4560,1
4561,0
4562,1
4563,0
4564,0
4565,0
4566,0
4567,1
4568,0
4569,0
4570,0
4571,1
4572,1
4573,0
4574,0
4575,1
4576,0
4577,1
4578,1
4579,1
4580,0
4581,1
4582,1
4583,0
4584,0
4585,1
4586,0
4587,1
4588,1
4589,1
4590,1
4591,1
4592,1
4593,0
4594,1
4595,1
4596,1
4597,0
4598,1
4599,0
4600,0
4601,1
4602,1
4603,0
4604,0
4605,1
4606,1
4607,1
4608,1
4609,1
4610,1
4611,0
4612,0
4613,1
4614,0
4615,1
4616,1
4617,0
4618,1
4619,1
4620,0
4621,0
4622,0
4623,1
4624,0
4625,0
4626,0
4627,1
4628,1
4629,1
4630,0
4631,1
4632,1
4633,0
4634,1
4635,0
4636,1
4637,0
4638,1
4639,0
4640,0
4641,0
4642,0
4643,0
4644,1
4645,1
4646,0
4647,0
4648,0
4649,1
4650,0
4651,1
4652,1
4653,1
4654,1
4655,0
4656,1
4657,0
4658,1
4659,1
4660,0
4661,0
4662,1
4663,0
4664,1
4665,1
4666,0
4667,0
4668,0
4669,0
4670,1
4671,1
4672,0
4673,0
4674,1
4675,1
4676,1
4677,0
4678,0
4679,1
4680,0
4681,0
4682,1
4683,1
4684,1
4685,0
4686,0
4687,0
4688,0
4689,1
4690,0
4691,1
4692,0
4693,0
4694,0
4695,0
4696,1
4697,0
4698,1
4699,0
4700,1
4701,0
4702,0
4703,1
4704,1
4705,1
4706,1
4707,0
4708,1
4709,0
4710,0
4711,1
4712,0
4713,1
4714,0
4715,0
4716,1
4717,1
4718,1
4719,1
4720,0
4721,1
4722,1
4723,1
4724,0
4725,1
4726,0
4727,0
4728,1
4729,1
4730,1
4731,1
4732,0
4733,0
4734,0
4735,0
4736,0
4737,0
4738,1
4739,1
4740,0
4741,0
4742,0
4743,0
4744,1
4745,0
4746,0
4747,1
4748,1
4749,0
4750,1
4751,1
4752,1
4753,0
4754,1
4755,1
4756,0
4757,1
4758,0
4759,0
4760,0
4761,0
4762,1
4763,0
4764,0
4765,1
4766,1
4767,0
4768,0
4769,1
4770,1
4771,1
4772,1
4773,0
4774,1
4775,1
4776,1
4777,1
4778,1
4779,1
4780,1
4781,1
4782,1
4783,1
4784,1
4785,0
4786,1
4787,1
4788,0
4789,0
4790,1
4791,0
4792,1
4793,1
4794,1
4795,1
4796,1
4797,0
4798,0
4799,0
4800,1
4801,0
4802,1
4803,0
4804,0
4805,0
4806,1
4807,0
4808,1
4809,0
4810,0
4811,0
4812,1
4813,0
4814,1
4815,1
4816,1
4817,1
4818,1
4819,1
4820,1
4821,0
4822,0
4823,0
4824,0
4825,1
4826,0
4827,1
4828,1
4829,1
4830,0
4831,0
4832,1
4833,0
4834,0
4835,0
4836,0
4837,0
4838,1
4839,1
4840,0
4841,0
4842,0
4843,1
4844,1
4845,0
4846,1
4847,0
4848,1
4849,1
4850,1
4851,0
4852,0
4853,1
4854,1
4855,0
4856,0
4857,0
4858,1
4859,0
4860,1
4861,0
4862,0
4863,1
4864,1
4865,1
4866,0
4867,0
4868,1
4869,1
4870,1
4871,1
4872,1
4873,1
4874,0
4875,1
4876,1
4877,1
4878,1
4879,1
4880,1
4881,0
4882,1
4883,0
4884,0
4885,0
4886,0
4887,0
4888,0
4889,1
4890,1
4891,0
4892,0
4893,0
4894,1
4895,1
4896,0
4897,1
4898,0
4899,1
4900,0
4901,1
4902,1
4903,1
4904,0
4905,0
4906,1
4907,1
4908,1
4909,0
4910,1
4911,1
4912,1
4913,1
4914,0
4915,1
4916,0
4917,0
4918,1
4919,1
4920,0
4921,1
4922,0
4923,0
4924,1
4925,1
4926,1
4927,1
4928,1
4929,1
4930,1
4931,0
4932,1
4933,1
4934,0
4935,1
4936,0
4937,1
4938,0
4939,1
4940,1
4941,1
4942,1
4943,0
4944,1
4945,1
4946,1
4947,1
4948,0
4949,0
4950,0
4951,1
4952,0
4953,0
4954,1
4955,0
4956,0
4957,1
4958,0
4959,0
4960,0
4961,0
4962,1
4963,0
4964,0
4965,0
4966,0
4967,1
4968,0
4969,0
4970,1
4971,0
4972,0
4973,1
4974,0
4975,1
4976,0
4977,0
4978,1
4979,1
4980,1
4981,0
4982,1
4983,1
4984,0
4985,0
4986,0
4987,1
4988,0
4989,0
4990,1
4991,0
4992,1
4993,1
4994,1
4995,1
4996,0
4997,0
4998,1
4999,0
5000,1
5001,0
5002,0
5003,0
5004,0
5005,1
5006,1
5007,1
5008,1
5009,0
5010,1
5011,0
5012,1
5013,0
5014,1
5015,1
5016,0
5017,1
5018,0
5019,1
5020,0
5021,0
5022,1
5023,0
5024,0
5025,0
5026,1
5027,0
5028,0
5029,0
5030,1
5031,1
5032,1
5033,0
5034,1
5035,1
5036,1
5037,1
5038,1
5039,0
5040,1
5041,1
5042,1
5043,1
5044,1
5045,0
5046,0
5047,1
5048,0
5049,1
5050,0
5051,0
5052,1
5053,1
5054,1
5055,1
5056,0
5057,1
5058,0
5059,1
5060,1
5061,1
5062,1
5063,0
5064,1
5065,0
5066,1
5067,1
5068,0
5069,0
5070,1
5071,1
5072,1
5073,0
5074,0
5075,1
5076,1
5077,0
5078,0
5079,1
5080,1
5081,0
5082,0
5083,1
5084,0
5085,0
5086,1
5087,0
5088,1
5089,0
5090,0
5091,1
5092,0
5093,0
5094,0
5095,0
5096,0
5097,0
5098,1
5099,1
5100,1
5101,0
5102,0
5103,0
5104,1
5105,1
5106,1
5107,0
5108,1
5109,0
5110,1
5111,0
5112,0
5113,1
5114,0
5115,1
5116,0
5117,1
5118,0
5119,0
5120,1
5121,0
5122,1
5123,1
5124,0
5125,0
5126,0
5127,0
5128,1
5129,0
5130,1
5131,0
5132,0
5133,0
5134,1
5135,1
5136,1
5137,0
5138,1
5139,0
5140,0
5141,0
5142,0
5143,1
5144,1
5145,1
5146,0
5147,0
5148,0
5149,0
5150,1
5151,1
5152,0
5153,0
5154,0
5155,0
5156,1
5157,0
5158,0
5159,1
5160,0
5161,0
5162,0
5163,1
5164,0
5165,0
5166,0
5167,1
5168,1
5169,0
5170,0
5171,1
5172,0
5173,1
5174,0
5175,0
5176,1
5177,0
5178,0
5179,0
5180,1
5181,1
5182,0
5183,0
5184,1
5185,0
5186,1
5187,1
5188,1
5189,1
5190,0
5191,0
5192,0
5193,1
5194,1
5195,1
5196,1
5197,1
5198,1
5199,1
5200,0
5201,1
5202,0
5203,0
5204,0
5205,1
5206,1
5207,0
5208,0
5209,1
5210,0
5211,0
5212,1
5213,1
5214,1
5215,0
5216,0
5217,0
5218,0
5219,0
5220,1
5221,1
5222,0
5223,0
5224,1
5225,0
5226,0
5227,1
5228,0
5229,0
5230,0
5231,1
5232,0
5233,1
5234,1
5235,1
5236,0
5237,0
5238,0
5239,0
5240,1
5241,0
5242,0
5243,0
5244,1
5245,0
5246,0
5247,1
5248,1
5249,0
5250,1
5251,0
5252,1
5253,0
5254,0
5255,0
5256,1
5257,0
5258,1
5259,1
5260,0
5261,1
5262,0
5263,0
5264,0
5265,1
5266,1
5267,1
5268,1
5269,0
5270,1
5271,0
5272,1
5273,0
5274,0
5275,1
5276,1
5277,1
5278,1
5279,0
5280,0
5281,1
5282,0
5283,0
5284,0
5285,0
5286,0
5287,0
5288,1
5289,1
5290,0
5291,1
5292,1
5293,0
5294,1
5295,1
5296,0
5297,0
5298,0
5299,0
5300,0
5301,1
5302,1
5303,1
5304,1
5305,1
5306,1
5307,0
5308,1
5309,0
5310,1
5311,0
5312,0
5313,1
5314,1
5315,0
5316,1
5317,0
5318,1
5319,1
5320,0
5321,1
5322,0
5323,0
5324,1
5325,1
5326,0
5327,1
5328,0
5329,1
5330,0
5331,1
5332,1
5333,1
5334,0
5335,0
5336,0
5337,0
5338,0
5339,1
5340,0
5341,1
5342,1
5343,0
5344,0
5345,1
5346,0
5347,0
5348,1
5349,0
5350,0
5351,1
5352,0
5353,1
5354,0
5355,1
5356,1
5357,1
5358,0
5359,0
5360,0
5361,1
5362,0
5363,1
5364,0
5365,0
5366,0
5367,0
5368,0
5369,1
5370,0
5371,1
5372,0
5373,0
5374,1
5375,0
5376,1
5377,1
5378,0
5379,1
5380,0
5381,0
5382,1
5383,1
5384,0
5385,0
5386,1
5387,1
5388,0
5389,0
5390,0
5391,0
5392,0
5393,0
5394,0
5395,0
5396,0
5397,0
5398,1
5399,0
5400,0
5401,1
5402,0
5403,1
5404,1
5405,0
5406,0
5407,0
5408,1
5409,1
5410,1
5411,0
5412,1
5413,1
5414,1
5415,1
5416,1
5417,1
5418,1
5419,1
5420,0
5421,1
5422,0
5423,1
5424,0
5425,0
5426,0
5427,1
5428,1
5429,1
5430,1
5431,1
5432,0
5433,1
5434,0
5435,1
5436,0
5437,0
5438,1
5439,1
5440,0
5441,0
5442,0
5443,0
5444,0
5445,1
5446,1
5447,0
5448,0
5449,0
5450,0
5451,0
5452,0
5453,0
5454,1
5455,0
5456,1
5457,1
5458,1
5459,0
5460,1
5461,0
5462,0
5463,1
5464,1
5465,1
5466,0
5467,0
5468,0
5469,1
5470,1
5471,0
5472,0
5473,0
5474,0
5475,1
5476,1
5477,1
5478,0
5479,1
5480,0
5481,1
5482,0
5483,0
5484,0
5485,0
5486,0
5487,1
5488,0
5489,0
5490,1
5491,1
5492,0
5493,1
5494,0
5495,1
5496,0
5497,1
5498,0
5499,1
5500,1
5501,0
5502,1
5503,0
5504,1
5505,1
5506,1
5507,1
5508,0
5509,0
5510,0
5511,1
5512,1
5513,0
5514,0
5515,1
5516,1
5517,1
5518,0
5519,0
5520,1
5521,0
5522,0
5523,1
5524,1
5525,1
5526,1
5527,0
5528,1
5529,1
5530,1
5531,0
5532,1
5533,0
5534,0
5535,0
5536,1
5537,1
5538,1
5539,1
5540,0
5541,0
5542,0
5543,0
5544,0
5545,0
5546,1
5547,0
5548,1
5549,0
5550,1
5551,0
5552,0
5553,0
5554,0
5555,0
5556,0
5557,0
5558,0
5559,1
5560,0
5561,0
5562,0
5563,0
5564,0
5565,1
5566,1
5567,1
5568,1
5569,1
5570,1
5571,0
5572,1
5573,0
5574,1
5575,0
5576,0
5577,1
5578,0
5579,0
5580,0
5581,0
5582,1
5583,1
5584,1
5585,0
5586,1
5587,1
5588,0
5589,1
5590,0
5591,0
5592,0
5593,0
5594,0
5595,1
5596,1
5597,1
5598,1
5599,1
5600,0
5601,0
5602,1
5603,0
5604,1
5605,1
5606,0
5607,0
5608,1
5609,1
5610,1
5611,1
5612,1
5613,0
5614,0
5615,1
5616,1
5617,1
5618,1
5619,0
5620,0
5621,0
5622,1
5623,0
5624,0
5625,0
5626,1
5627,0
5628,0
5629,0
5630,0
5631,1
5632,1
5633,0
5634,1
5635,0
5636,0
5637,0
5638,0
5639,0
5640,1
5641,0
5642,1
5643,1
5644,0
5645,0
5646,0
5647,0
5648,1
5649,1
5650,0
5651,0
5652,1
5653,0
5654,1
5655,1
5656,1
5657,1
5658,0
5659,1
5660,1
5661,1
5662,0
5663,0
5664,0
5665,1
5666,1
5667,0
5668,1
5669,0
5670,1
5671,0
5672,1
5673,1
5674,1
5675,1
5676,0
5677,0
5678,0
5679,0
5680,1
5681,0
5682,1
5683,0
5684,0
5685,0
5686,1
5687,0
5688,0
5689,0
5690,0
5691,1
5692,1
5693,0
5694,0
5695,0
5696,0
5697,1
5698,0
5699,1
5700,1
5701,0
5702,1
5703,1
5704,1
5705,1
5706,0
5707,0
5708,0
5709,0
5710,0
5711,0
5712,1
5713,0
5714,1
5715,0
5716,0
5717,1
5718,0
5719,0
5720,1
5721,1
5722,0
5723,0
5724,0
5725,1
5726,0
5727,1
5728,0
5729,1
5730,1
5731,1
5732,0
5733,1
5734,0
5735,0
5736,1
5737,0
5738,0
5739,0
5740,0
5741,1
5742,1
5743,0
5744,0
5745,0
5746,0
5747,0
5748,1
5749,0
5750,0
5751,1
5752,1
5753,1
5754,1
5755,1
5756,0
5757,1
5758,1
5759,1
5760,0
5761,1
5762,1
5763,1
5764,0
5765,0
5766,0
5767,1
5768,0
5769,0
5770,0
5771,0
5772,0
5773,0
5774,0
5775,0
5776,0
5777,0
5778,1
5779,0
5780,1
5781,1
5782,1
5783,1
5784,0
5785,1
5786,0
5787,0
5788,0
5789,1
5790,1
5791,0
5792,0
5793,1
5794,0
5795,1
5796,0
5797,1
5798,1
5799,0
5800,0
5801,1
5802,1
5803,1
5804,1
5805,1
5806,0
5807,0
5808,0
5809,1
5810,1
5811,0
5812,0
5813,1
5814,1
5815,0
5816,0
5817,1
5818,0
5819,0
5820,0
5821,0
5822,0
5823,0
5824,1
5825,0
5826,0
5827,1
5828,1
5829,1
5830,0
5831,1
5832,1
5833,0
5834,1
5835,0
5836,0
5837,1
5838,0
5839,1
5840,0
5841,0
5842,1
5843,0
5844,1
5845,1
5846,1
5847,1
5848,0
5849,1
5850,1
5851,1
5852,0
5853,0
5854,1
5855,1
5856,0
5857,0
5858,0
5859,1
5860,1
5861,0
5862,0
5863,0
5864,0
5865,0
5866,1
5867,1
5868,1
5869,0
5870,1
5871,0
5872,0
5873,0
5874,0
5875,0
5876,0
5877,1
5878,0
5879,0
5880,1
5881,0
5882,1
5883,0
5884,0
5885,0
5886,1
5887,0
5888,0
5889,0
5890,0
5891,0
5892,1
5893,1
5894,0
5895,0
5896,1
5897,1
5898,1
5899,0
5900,0
5901,1
5902,0
5903,0
5904,0
5905,0
5906,0
5907,0
5908,1
5909,1
5910,1
5911,0
5912,0
5913,0
5914,1
5915,0
5916,1
5917,0
5918,0
5919,1
5920,0
5921,1
5922,0
5923,0
5924,1
5925,0
5926,1
5927,0
5928,0
5929,1
5930,1
5931,0
5932,0
5933,0
5934,0
5935,0
5936,1
5937,0
5938,1
5939,1
5940,1
5941,0
5942,0
5943,1
5944,1
5945,1
5946,0
5947,1
5948,0
5949,0
5950,1
5951,1
5952,0
5953,1
5954,1
5955,1
5956,0
5957,0
5958,0
5959,1
5960,1
5961,1
5962,0
5963,0
5964,0
5965,1
5966,1
5967,0
5968,1
5969,1
5970,1
5971,1
5972,0
5973,1
5974,0
5975,1
5976,0
5977,0
5978,0
5979,0
5980,1
5981,0
5982,1
5983,0
5984,1
5985,1
5986,0
5987,0
5988,1
5989,1
5990,1
5991,0
5992,1
5993,0
5994,1
5995,1
5996,1
5997,0
5998,1
5999,0
6000,1
6001,0
6002,0
6003,0
6004,0
6005,1
6006,0
6007,0
6008,1
6009,0
6010,0
6011,1
6012,0
6013,1
6014,1
6015,0
6016,1
6017,0
6018,0
6019,1
6020,0
6021,0
6022,1
6023,0
6024,0
6025,1
6026,0
6027,1
6028,1
6029,0
6030,0
6031,0
6032,1
6033,1
6034,1
6035,0
6036,1
6037,1
6038,1
6039,0
